1,23.85465,38.000492
2,23.85437,38.000553
3,23.85403,38.000644
4,23.853679,38.000674
5,23.853494,38.00068
6,23.853309,38.000686
7,23.853322,38.000684
8,23.853334,38.000681
9,23.853347,38.000679
10,23.853359,38.000677
11,23.853372,38.000674
12,23.853385,38.000672
13,23.853397,38.000669
14,23.85341,38.000667
15,23.853422,38.000665
16,23.853435,38.000662
17,23.853448,38.00066
18,23.85346,38.000658
19,23.853473,38.000655
20,23.853485,38.000653
21,23.853498,38.000651
22,23.853511,38.000648
23,23.853523,38.000646
24,23.853536,38.000644
25,23.853548,38.000641
26,23.853561,38.000639
27,23.853574,38.000636
28,23.853586,38.000634
29,23.853599,38.000632
30,23.853612,38.000629
31,23.853624,38.000627
32,23.853637,38.000625
33,23.853649,38.000622
34,23.853662,38.00062
35,23.853675,38.000618
36,23.853687,38.000615
37,23.8537,38.000613
38,23.853712,38.000611
39,23.853725,38.000608
40,23.853738,38.000606
41,23.85375,38.000603
42,23.853763,38.000601
43,23.853775,38.000599
44,23.853788,38.000596
45,23.853801,38.000594
46,23.853813,38.000592
47,23.853826,38.000589
48,23.853838,38.000587
49,23.853851,38.000585
50,23.853864,38.000582
51,23.853876,38.00058
52,23.853889,38.000578
53,23.853901,38.000575
54,23.853914,38.000573
55,23.853927,38.00057
56,23.853939,38.000568
57,23.853952,38.000566
58,23.853964,38.000563
59,23.853977,38.000561
60,23.85399,38.000559
61,23.854002,38.000556
62,23.854015,38.000554
63,23.854027,38.000552
64,23.85404,38.000549
65,23.854053,38.000547
66,23.854065,38.000545
67,23.854078,38.000542
68,23.854091,38.00054
69,23.854103,38.000537
70,23.854116,38.000535
71,23.854128,38.000533
72,23.854141,38.00053
73,23.854154,38.000528
74,23.854166,38.000526
75,23.854179,38.000523
76,23.854191,38.000521
77,23.854204,38.000519
78,23.854217,38.000516
79,23.854229,38.000514
80,23.854242,38.000512
81,23.854254,38.000509
82,23.854267,38.000507
83,23.85428,38.000504
84,23.854292,38.000502
85,23.854305,38.0005
86,23.854317,38.000497
87,23.85433,38.000495
88,23.854579,38.000656
89,23.85403,38.001197
90,23.854342,38.001677
91,23.854721,38.002639
92,23.85501,38.003818
93,23.858011,38.002318
94,23.862202,37.999828
95,23.865881,37.998255
96,23.869362,37.996257
97,23.871502,37.995578
98,23.874031,37.992896
99,23.875422,37.991946
100,23.879141,37.989535
101,23.880782,37.989498
102,23.881121,37.990306
103,23.88117,37.990287
104,23.88113,37.990276
105,23.881124,37.990257
106,23.881119,37.990237
107,23.881113,37.990218
108,23.881108,37.990198
109,23.881102,37.990179
110,23.881096,37.990159
111,23.881091,37.99014
112,23.881085,37.990121
113,23.88108,37.990101
114,23.881074,37.990082
115,23.881068,37.990062
116,23.881063,37.990043
117,23.881057,37.990023
118,23.881052,37.990004
119,23.881046,37.989984
120,23.88104,37.989965
121,23.881035,37.989946
122,23.881029,37.989926
123,23.881024,37.989907
124,23.881018,37.989887
125,23.881013,37.989868
126,23.881007,37.989848
127,23.881001,37.989829
128,23.880996,37.98981
129,23.88099,37.98979
130,23.880985,37.989771
131,23.880979,37.989751
132,23.880973,37.989732
133,23.880968,37.989712
134,23.880962,37.989693
135,23.880957,37.989673
136,23.880951,37.989654
137,23.879621,37.989345
138,23.875801,37.991813
139,23.872181,37.995323
140,23.86849,37.996913
141,23.86434,37.999145
142,23.86022,38.001055
143,23.85794,38.003177
144,23.858431,38.006927
145,23.858411,38.007617
146,23.856022,38.008345
147,23.851393,38.009376
148,23.846743,38.010207
149,23.843912,38.010688
150,23.843591,38.012008
151,23.844221,38.015697
152,23.84588,38.018817
153,23.845471,38.019069
154,23.84509,38.018539
155,23.844991,38.018557
156,23.844991,38.018557
157,23.844991,38.018557
158,23.844991,38.018557
159,23.844991,38.018557
160,23.844991,38.018557
161,23.844991,38.018557
162,23.844991,38.018557
163,23.844991,38.018557
164,23.844991,38.018557
165,23.844991,38.018557
166,23.844991,38.018557
167,23.844991,38.018557
168,23.844991,38.018557
169,23.844991,38.018557
170,23.844991,38.018557
171,23.844991,38.018557
172,23.844991,38.018557
173,23.844991,38.018558
174,23.844991,38.018558
175,23.844991,38.018558
176,23.844991,38.018558
177,23.844991,38.018558
178,23.844991,38.018558
179,23.844991,38.018558
180,23.844991,38.018558
181,23.844991,38.018558
182,23.844991,38.018558
183,23.844991,38.018558
184,23.844991,38.018558
185,23.844992,38.018558
186,23.844992,38.018558
187,23.844992,38.018558
188,23.844992,38.018558
189,23.844992,38.018558
190,23.844992,38.018558
191,23.844992,38.018558
192,23.844992,38.018558
193,23.844992,38.018558
194,23.844992,38.018558
195,23.844992,38.018558
196,23.844992,38.018558
197,23.844992,38.018558
198,23.844992,38.018558
199,23.844992,38.018558
200,23.844992,38.018558
201,23.844992,38.018558
202,23.844992,38.018558
203,23.844992,38.018558
204,23.844992,38.018558
205,23.844992,38.018558
206,23.844992,38.018558
207,23.844992,38.018558
208,23.844992,38.018558
209,23.844992,38.018559
210,23.844992,38.018559
211,23.844992,38.018559
212,23.844992,38.018559
213,23.844992,38.018559
214,23.844992,38.018559
215,23.844992,38.018559
216,23.844992,38.018559
217,23.844992,38.018559
218,23.844992,38.018559
219,23.844992,38.018559
220,23.844992,38.018559
221,23.844992,38.018559
222,23.844992,38.018559
223,23.844992,38.018559
224,23.844992,38.018559
225,23.844992,38.018559
226,23.844992,38.018559
227,23.844992,38.018559
228,23.844992,38.018559
229,23.844992,38.018559
230,23.844992,38.018559
231,23.844992,38.018559
232,23.844992,38.018559
233,23.844992,38.018559
234,23.844992,38.018559
235,23.844992,38.018559
236,23.844992,38.018559
237,23.844992,38.018559
238,23.844992,38.018559
239,23.844992,38.018559
240,23.844992,38.018559
241,23.844992,38.018559
242,23.844992,38.018559
243,23.844992,38.018559
244,23.844992,38.018559
245,23.844993,38.01856
246,23.844993,38.01856
247,23.844993,38.01856
248,23.844993,38.01856
249,23.844993,38.01856
250,23.844993,38.01856
251,23.844993,38.01856
252,23.844993,38.01856
253,23.844993,38.01856
254,23.844993,38.01856
255,23.844993,38.01856
256,23.844993,38.01856
257,23.844993,38.01856
258,23.844993,38.01856
259,23.844993,38.01856
260,23.844993,38.01856
261,23.844993,38.01856
262,23.844993,38.01856
263,23.844993,38.01856
264,23.844993,38.01856
265,23.844993,38.01856
266,23.844993,38.01856
267,23.844993,38.01856
268,23.844993,38.01856
269,23.844993,38.01856
270,23.844993,38.01856
271,23.844993,38.01856
272,23.844993,38.01856
273,23.844993,38.01856
274,23.844993,38.01856
275,23.844993,38.01856
276,23.844993,38.01856
277,23.844993,38.01856
278,23.844993,38.01856
279,23.844993,38.01856
280,23.844993,38.01856
281,23.844993,38.018561
282,23.844993,38.018561
283,23.844993,38.018561
284,23.844993,38.018561
285,23.844993,38.018561
286,23.844993,38.018561
287,23.844993,38.018561
288,23.844993,38.018561
289,23.844993,38.018561
290,23.844993,38.018561
291,23.844993,38.018561
292,23.844993,38.018561
293,23.844993,38.018561
294,23.844993,38.018561
295,23.844993,38.018561
296,23.844993,38.018561
297,23.844993,38.018561
298,23.844993,38.018561
299,23.844993,38.018561
300,23.844993,38.018561
301,23.844993,38.018561
302,23.844993,38.018561
303,23.844993,38.018561
304,23.844993,38.018561
305,23.844994,38.018561
306,23.844994,38.018561
307,23.844994,38.018561
308,23.844994,38.018561
309,23.844994,38.018561
310,23.844994,38.018561
311,23.844994,38.018561
312,23.844994,38.018561
313,23.844994,38.018561
314,23.844994,38.018561
315,23.844994,38.018561
316,23.844994,38.018561
317,23.844994,38.018562
318,23.844994,38.018562
319,23.844994,38.018562
320,23.844994,38.018562
321,23.844994,38.018562
322,23.844994,38.018562
323,23.844994,38.018562
324,23.844994,38.018562
325,23.844994,38.018562
326,23.844994,38.018562
327,23.844994,38.018562
328,23.844994,38.018562
329,23.844994,38.018562
330,23.844994,38.018562
331,23.844994,38.018562
332,23.844994,38.018562
333,23.844994,38.018562
334,23.844994,38.018562
335,23.844994,38.018562
336,23.844994,38.018562
337,23.844994,38.018562
338,23.844994,38.018562
339,23.844994,38.018562
340,23.844994,38.018562
341,23.844994,38.018562
342,23.844994,38.018562
343,23.844994,38.018562
344,23.844994,38.018562
345,23.844994,38.018562
346,23.844994,38.018562
347,23.844994,38.018562
348,23.844994,38.018562
349,23.844994,38.018562
350,23.844994,38.018562
351,23.844994,38.018562
352,23.844994,38.018562
353,23.844994,38.018563
354,23.844994,38.018563
355,23.844994,38.018563
356,23.844994,38.018563
357,23.844994,38.018563
358,23.844994,38.018563
359,23.844994,38.018563
360,23.844994,38.018563
361,23.844994,38.018563
362,23.844994,38.018563
363,23.844994,38.018563
364,23.844994,38.018563
365,23.844995,38.018563
366,23.844995,38.018563
367,23.844995,38.018563
368,23.844995,38.018563
369,23.844995,38.018563
370,23.844995,38.018563
371,23.844995,38.018563
372,23.844995,38.018563
373,23.844995,38.018563
374,23.844995,38.018563
375,23.844995,38.018563
376,23.844995,38.018563
377,23.844995,38.018563
378,23.844995,38.018563
379,23.844995,38.018563
380,23.844995,38.018563
381,23.844995,38.018563
382,23.844995,38.018563
383,23.844995,38.018563
384,23.844995,38.018563
385,23.844995,38.018563
386,23.844995,38.018563
387,23.844995,38.018563
388,23.844995,38.018563
389,23.844995,38.018564
390,23.844995,38.018564
391,23.844995,38.018564
392,23.844995,38.018564
393,23.844995,38.018564
394,23.844995,38.018564
395,23.844995,38.018564
396,23.844995,38.018564
397,23.844995,38.018564
398,23.844995,38.018564
399,23.844995,38.018564
400,23.844995,38.018564
401,23.844995,38.018564
402,23.844995,38.018564
403,23.844995,38.018564
404,23.844995,38.018564
405,23.844995,38.018564
406,23.844995,38.018564
407,23.844995,38.018564
408,23.844995,38.018564
409,23.844995,38.018564
410,23.844995,38.018564
411,23.844995,38.018564
412,23.844995,38.018564
413,23.844995,38.018564
414,23.844995,38.018564
415,23.844995,38.018564
416,23.844995,38.018564
417,23.844995,38.018564
418,23.844995,38.018564
419,23.844995,38.018564
420,23.844995,38.018564
421,23.844995,38.018564
422,23.844995,38.018564
423,23.844995,38.018564
424,23.844995,38.018564
425,23.844996,38.018565
426,23.844996,38.018565
427,23.844996,38.018565
428,23.844996,38.018565
429,23.844996,38.018565
430,23.844996,38.018565
431,23.844996,38.018565
432,23.844996,38.018565
433,23.844996,38.018565
434,23.844996,38.018565
435,23.844996,38.018565
436,23.844996,38.018565
437,23.844996,38.018565
438,23.844996,38.018565
439,23.844996,38.018565
440,23.844996,38.018565
441,23.844996,38.018565
442,23.844996,38.018565
443,23.844996,38.018565
444,23.844996,38.018565
445,23.844996,38.018565
446,23.844996,38.018565
447,23.844996,38.018565
448,23.844996,38.018565
449,23.844996,38.018565
450,23.844996,38.018565
451,23.844996,38.018565
452,23.844996,38.018565
453,23.844996,38.018565
454,23.844996,38.018565
455,23.844996,38.018565
456,23.844996,38.018565
457,23.844996,38.018565
458,23.844996,38.018565
459,23.844996,38.018565
460,23.844996,38.018565
461,23.844996,38.018566
462,23.844996,38.018566
463,23.844996,38.018566
464,23.844996,38.018566
465,23.844996,38.018566
466,23.844996,38.018566
467,23.844996,38.018566
468,23.844996,38.018566
469,23.844996,38.018566
470,23.844996,38.018566
471,23.844996,38.018566
472,23.844996,38.018566
473,23.844996,38.018566
474,23.844996,38.018566
475,23.844996,38.018566
476,23.844996,38.018566
477,23.844996,38.018566
478,23.844996,38.018566
479,23.844996,38.018566
480,23.844996,38.018566
481,23.844996,38.018566
482,23.844996,38.018566
483,23.844996,38.018566
484,23.844996,38.018566
485,23.844997,38.018566
486,23.844997,38.018566
487,23.844997,38.018566
488,23.844997,38.018566
489,23.844997,38.018566
490,23.844997,38.018566
491,23.844997,38.018566
492,23.844997,38.018566
493,23.844997,38.018566
494,23.844997,38.018566
495,23.844997,38.018566
496,23.844997,38.018566
497,23.844997,38.018567
498,23.844997,38.018567
499,23.844997,38.018567
500,23.844997,38.018567
501,23.844997,38.018567
502,23.844997,38.018567
503,23.844997,38.018567
504,23.844997,38.018567
505,23.844997,38.018567
506,23.844997,38.018567
507,23.844997,38.018567
508,23.844997,38.018567
509,23.844997,38.018567
510,23.844997,38.018567
511,23.844997,38.018567
512,23.844997,38.018567
513,23.844997,38.018567
514,23.844997,38.018567
515,23.844997,38.018567
516,23.844997,38.018567
517,23.844997,38.018567
518,23.844997,38.018567
519,23.844997,38.018567
520,23.844997,38.018567
521,23.844997,38.018567
522,23.844997,38.018567
523,23.844997,38.018567
524,23.844997,38.018567
525,23.844997,38.018567
526,23.844997,38.018567
527,23.844997,38.018567
528,23.844997,38.018567
529,23.844997,38.018567
530,23.844997,38.018567
531,23.844997,38.018567
532,23.844997,38.018568
533,23.844997,38.018568
534,23.844997,38.018568
535,23.844997,38.018568
536,23.844997,38.018568
537,23.844997,38.018568
538,23.844997,38.018568
539,23.844997,38.018568
540,23.844997,38.018568
541,23.844997,38.018568
542,23.844997,38.018568
543,23.844997,38.018568
544,23.844998,38.018568
545,23.844998,38.018568
546,23.844998,38.018568
547,23.844998,38.018568
548,23.844998,38.018568
549,23.844998,38.018568
550,23.844998,38.018568
551,23.844998,38.018568
552,23.844998,38.018568
553,23.844998,38.018568
554,23.844998,38.018568
555,23.844998,38.018568
556,23.844998,38.018568
557,23.844998,38.018568
558,23.844998,38.018568
559,23.844998,38.018568
560,23.844998,38.018568
561,23.844998,38.018568
562,23.844998,38.018568
563,23.844998,38.018568
564,23.844998,38.018568
565,23.844998,38.018568
566,23.844998,38.018568
567,23.844998,38.018568
568,23.844998,38.018569
569,23.844998,38.018569
570,23.844998,38.018569
571,23.844998,38.018569
572,23.844998,38.018569
573,23.844998,38.018569
574,23.844998,38.018569
575,23.844998,38.018569
576,23.844998,38.018569
577,23.844998,38.018569
578,23.844998,38.018569
579,23.844998,38.018569
580,23.844998,38.018569
581,23.844998,38.018569
582,23.844998,38.018569
583,23.844998,38.018569
584,23.844998,38.018569
585,23.844998,38.018569
586,23.844998,38.018569
587,23.844998,38.018569
588,23.844998,38.018569
589,23.844998,38.018569
590,23.844998,38.018569
591,23.844998,38.018569
592,23.844998,38.018569
593,23.844998,38.018569
594,23.844998,38.018569
595,23.844998,38.018569
596,23.844998,38.018569
597,23.844998,38.018569
598,23.844998,38.018569
599,23.844998,38.018569
600,23.844998,38.018569
601,23.844998,38.018569
602,23.844998,38.018569
603,23.844998,38.018569
604,23.844999,38.01857
605,23.844999,38.01857
606,23.844999,38.01857
607,23.844999,38.01857
608,23.844999,38.01857
609,23.844999,38.01857
610,23.844999,38.01857
611,23.844999,38.01857
612,23.844999,38.01857
613,23.844999,38.01857
614,23.844999,38.01857
615,23.844999,38.01857
616,23.844999,38.01857
617,23.844999,38.01857
618,23.844999,38.01857
619,23.844999,38.01857
620,23.844999,38.01857
621,23.844999,38.01857
622,23.844999,38.01857
623,23.844999,38.01857
624,23.844999,38.01857
625,23.844999,38.01857
626,23.844999,38.01857
627,23.844999,38.01857
628,23.844999,38.01857
629,23.844999,38.01857
630,23.844999,38.01857
631,23.844999,38.01857
632,23.844999,38.01857
633,23.844999,38.01857
634,23.844999,38.01857
635,23.844999,38.01857
636,23.844999,38.01857
637,23.844999,38.01857
638,23.844999,38.01857
639,23.844999,38.01857
640,23.844999,38.018571
641,23.844999,38.018571
642,23.844999,38.018571
643,23.844999,38.018571
644,23.844999,38.018571
645,23.844999,38.018571
646,23.844999,38.018571
647,23.844999,38.018571
648,23.844999,38.018571
649,23.844999,38.018571
650,23.844999,38.018571
651,23.844999,38.018571
652,23.844999,38.018571
653,23.844999,38.018571
654,23.844999,38.018571
655,23.844999,38.018571
656,23.844999,38.018571
657,23.844999,38.018571
658,23.844999,38.018571
659,23.844999,38.018571
660,23.844999,38.018571
661,23.844999,38.018571
662,23.844999,38.018571
663,23.844999,38.018571
664,23.845,38.018571
665,23.845,38.018571
666,23.845,38.018571
667,23.845,38.018571
668,23.845,38.018571
669,23.845,38.018571
670,23.845,38.018571
671,23.845,38.018571
672,23.845,38.018571
673,23.845,38.018571
674,23.845,38.018571
675,23.845,38.018571
676,23.845,38.018572
677,23.845,38.018572
678,23.845,38.018572
679,23.845,38.018572
680,23.845,38.018572
681,23.845,38.018572
682,23.845,38.018572
683,23.845,38.018572
684,23.845,38.018572
685,23.845,38.018572
686,23.845,38.018572
687,23.845,38.018572
688,23.845,38.018572
689,23.845,38.018572
690,23.845,38.018572
691,23.845,38.018572
692,23.845,38.018572
693,23.845,38.018572
694,23.845,38.018572
695,23.845,38.018572
696,23.845,38.018572
697,23.845,38.018572
698,23.845,38.018572
699,23.845,38.018572
700,23.845,38.018572
701,23.845,38.018572
702,23.845,38.018572
703,23.845,38.018572
704,23.845,38.018572
705,23.845,38.018572
706,23.845,38.018572
707,23.845,38.018572
708,23.845,38.018572
709,23.845,38.018572
710,23.845,38.018572
711,23.845,38.018572
712,23.845,38.018573
713,23.845,38.018573
714,23.845,38.018573
715,23.845,38.018573
716,23.845,38.018573
717,23.845,38.018573
718,23.845,38.018573
719,23.845,38.018573
720,23.845,38.018573
721,23.845,38.018573
722,23.845,38.018573
723,23.845,38.018573
724,23.845001,38.018573
725,23.845001,38.018573
726,23.845001,38.018573
727,23.845001,38.018573
728,23.845001,38.018573
729,23.845001,38.018573
730,23.845001,38.018573
731,23.845001,38.018573
732,23.845001,38.018573
733,23.845001,38.018573
734,23.845001,38.018573
735,23.845001,38.018573
736,23.845001,38.018573
737,23.845001,38.018573
738,23.845001,38.018573
739,23.845001,38.018573
740,23.845001,38.018573
741,23.845001,38.018573
742,23.845001,38.018573
743,23.845001,38.018573
744,23.845001,38.018573
745,23.845001,38.018573
746,23.845001,38.018573
747,23.845001,38.018573
748,23.845001,38.018574
749,23.845001,38.018574
750,23.845001,38.018574
751,23.845001,38.018574
752,23.845001,38.018574
753,23.845001,38.018574
754,23.845001,38.018574
755,23.845001,38.018574
756,23.845001,38.018574
757,23.845001,38.018574
758,23.845001,38.018574
759,23.845001,38.018574
760,23.845001,38.018574
761,23.845001,38.018574
762,23.845001,38.018574
763,23.845001,38.018574
764,23.845001,38.018574
765,23.845001,38.018574
766,23.845001,38.018574
767,23.845001,38.018574
768,23.845001,38.018574
769,23.845001,38.018574
770,23.845001,38.018574
771,23.845001,38.018574
772,23.845001,38.018574
773,23.845001,38.018574
774,23.845001,38.018574
775,23.845001,38.018574
776,23.845001,38.018574
777,23.845001,38.018574
778,23.845001,38.018574
779,23.845001,38.018574
780,23.845001,38.018574
781,23.845001,38.018574
782,23.845001,38.018574
783,23.845001,38.018574
784,23.845002,38.018575
785,23.845002,38.018575
786,23.845002,38.018575
787,23.845002,38.018575
788,23.845002,38.018575
789,23.845002,38.018575
790,23.845002,38.018575
791,23.845002,38.018575
792,23.845002,38.018575
793,23.845002,38.018575
794,23.845002,38.018575
795,23.845002,38.018575
796,23.845002,38.018575
797,23.845002,38.018575
798,23.845002,38.018575
799,23.845002,38.018575
800,23.845002,38.018575
801,23.845002,38.018575
802,23.845002,38.018575
803,23.845002,38.018575
804,23.845002,38.018575
805,23.845002,38.018575
806,23.845002,38.018575
807,23.845002,38.018575
808,23.845002,38.018575
809,23.845002,38.018575
810,23.845002,38.018575
811,23.845002,38.018575
812,23.845002,38.018575
813,23.845002,38.018575
814,23.845002,38.018575
815,23.845002,38.018575
816,23.845002,38.018575
817,23.845002,38.018575
818,23.845002,38.018575
819,23.845002,38.018575
820,23.845002,38.018576
821,23.845002,38.018576
822,23.845002,38.018576
823,23.845002,38.018576
824,23.845002,38.018576
825,23.845002,38.018576
826,23.845002,38.018576
827,23.845002,38.018576
828,23.845002,38.018576
829,23.845002,38.018576
830,23.845002,38.018576
831,23.845002,38.018576
832,23.845002,38.018576
833,23.845002,38.018576
834,23.845002,38.018576
835,23.845002,38.018576
836,23.845002,38.018576
837,23.845002,38.018576
838,23.845002,38.018576
839,23.845002,38.018576
840,23.845002,38.018576
841,23.845002,38.018576
842,23.845002,38.018576
843,23.845002,38.018576
844,23.845003,38.018576
845,23.845003,38.018576
846,23.845003,38.018576
847,23.845003,38.018576
848,23.845003,38.018576
849,23.845003,38.018576
850,23.845003,38.018576
851,23.845003,38.018576
852,23.845003,38.018576
853,23.845003,38.018576
854,23.845003,38.018576
855,23.845003,38.018576
856,23.845003,38.018577
857,23.845003,38.018577
858,23.845003,38.018577
859,23.845003,38.018577
860,23.845003,38.018577
861,23.845003,38.018577
862,23.845003,38.018577
863,23.845003,38.018577
864,23.845003,38.018577
865,23.845003,38.018577
866,23.845003,38.018577
867,23.845003,38.018577
868,23.845003,38.018577
869,23.845003,38.018577
870,23.845003,38.018577
871,23.845003,38.018577
872,23.845003,38.018577
873,23.845003,38.018577
874,23.845003,38.018577
875,23.845003,38.018577
876,23.845003,38.018577
877,23.845003,38.018577
878,23.845003,38.018577
879,23.845003,38.018577
880,23.845003,38.018577
881,23.845003,38.018577
882,23.845003,38.018577
883,23.845003,38.018577
884,23.845003,38.018577
885,23.845003,38.018577
886,23.845003,38.018577
887,23.845003,38.018577
888,23.845003,38.018577
889,23.845003,38.018577
890,23.845003,38.018577
891,23.845003,38.018577
892,23.845003,38.018578
893,23.845003,38.018578
894,23.845003,38.018578
895,23.845003,38.018578
896,23.845003,38.018578
897,23.845003,38.018578
898,23.845003,38.018578
899,23.845003,38.018578
900,23.845003,38.018578
901,23.845003,38.018578
902,23.845003,38.018578
903,23.845003,38.018578
904,23.845004,38.018578
905,23.845004,38.018578
906,23.845004,38.018578
907,23.845004,38.018578
908,23.845004,38.018578
909,23.845004,38.018578
910,23.845004,38.018578
911,23.845004,38.018578
912,23.845004,38.018578
913,23.845004,38.018578
914,23.845004,38.018578
915,23.845004,38.018578
916,23.845004,38.018578
917,23.845004,38.018578
918,23.845004,38.018578
919,23.845004,38.018578
920,23.845004,38.018578
921,23.845004,38.018578
922,23.845004,38.018578
923,23.845004,38.018578
924,23.845004,38.018578
925,23.845004,38.018578
926,23.845004,38.018578
927,23.845004,38.018579
928,23.845004,38.018579
929,23.845004,38.018579
930,23.845004,38.018579
931,23.845004,38.018579
932,23.845004,38.018579
933,23.845004,38.018579
934,23.845004,38.018579
935,23.845004,38.018579
936,23.845004,38.018579
937,23.845004,38.018579
938,23.845004,38.018579
939,23.845004,38.018579
940,23.845004,38.018579
941,23.845004,38.018579
942,23.845004,38.018579
943,23.845004,38.018579
944,23.845004,38.018579
945,23.845004,38.018579
946,23.845004,38.018579
947,23.845004,38.018579
948,23.845004,38.018579
949,23.845004,38.018579
950,23.845004,38.018579
951,23.845004,38.018579
952,23.845004,38.018579
953,23.845004,38.018579
954,23.845004,38.018579
955,23.845004,38.018579
956,23.845004,38.018579
957,23.845004,38.018579
958,23.845004,38.018579
959,23.845004,38.018579
960,23.845004,38.018579
961,23.845004,38.018579
962,23.845004,38.018579
963,23.845005,38.01858
964,23.845005,38.01858
965,23.845005,38.01858
966,23.845005,38.01858
967,23.845005,38.01858
968,23.845005,38.01858
969,23.845005,38.01858
970,23.845005,38.01858
971,23.845005,38.01858
972,23.845005,38.01858
973,23.845005,38.01858
974,23.845005,38.01858
975,23.845005,38.01858
976,23.845005,38.01858
977,23.845005,38.01858
978,23.845005,38.01858
979,23.845005,38.01858
980,23.845005,38.01858
981,23.845005,38.01858
982,23.845005,38.01858
983,23.845005,38.01858
984,23.845005,38.01858
985,23.845005,38.01858
986,23.845005,38.01858
987,23.845005,38.01858
988,23.845005,38.01858
989,23.845005,38.01858
990,23.845005,38.01858
991,23.845005,38.01858
992,23.845005,38.01858
993,23.845005,38.01858
994,23.845005,38.01858
995,23.845005,38.01858
996,23.845005,38.01858
997,23.845005,38.01858
998,23.845005,38.01858
999,23.845005,38.018581
1000,23.845005,38.018581
1001,23.845005,38.018581
1002,23.845005,38.018581
1003,23.845005,38.018581
1004,23.845005,38.018581
1005,23.845005,38.018581
1006,23.845005,38.018581
1007,23.845005,38.018581
1008,23.845005,38.018581
1009,23.845005,38.018581
1010,23.845005,38.018581
1011,23.845005,38.018581
1012,23.845005,38.018581
1013,23.845005,38.018581
1014,23.845005,38.018581
1015,23.845005,38.018581
1016,23.845005,38.018581
1017,23.845005,38.018581
1018,23.845005,38.018581
1019,23.845005,38.018581
1020,23.845005,38.018581
1021,23.845005,38.018581
1022,23.845005,38.018581
1023,23.845006,38.018581
1024,23.845006,38.018581
1025,23.845006,38.018581
1026,23.845006,38.018581
1027,23.845006,38.018581
1028,23.845006,38.018581
1029,23.845006,38.018581
1030,23.845006,38.018581
1031,23.845006,38.018581
1032,23.845006,38.018581
1033,23.845006,38.018581
1034,23.845006,38.018581
1035,23.845006,38.018582
1036,23.845006,38.018582
1037,23.845006,38.018582
1038,23.845006,38.018582
1039,23.845006,38.018582
1040,23.845006,38.018582
1041,23.845006,38.018582
1042,23.845006,38.018582
1043,23.845006,38.018582
1044,23.845006,38.018582
1045,23.845006,38.018582
1046,23.845006,38.018582
1047,23.845006,38.018582
1048,23.845006,38.018582
1049,23.845006,38.018582
1050,23.845006,38.018582
1051,23.845006,38.018582
1052,23.845006,38.018582
1053,23.845006,38.018582
1054,23.845006,38.018582
1055,23.845006,38.018582
1056,23.845006,38.018582
1057,23.845006,38.018582
1058,23.845006,38.018582
1059,23.845006,38.018582
1060,23.845006,38.018582
1061,23.845006,38.018582
1062,23.845006,38.018582
1063,23.845006,38.018582
1064,23.845006,38.018582
1065,23.845006,38.018582
1066,23.845006,38.018582
1067,23.845006,38.018582
1068,23.845006,38.018582
1069,23.845006,38.018582
1070,23.845006,38.018582
1071,23.845006,38.018583
1072,23.845006,38.018583
1073,23.845006,38.018583
1074,23.845006,38.018583
1075,23.845006,38.018583
1076,23.845006,38.018583
1077,23.845006,38.018583
1078,23.845006,38.018583
1079,23.845006,38.018583
1080,23.845006,38.018583
1081,23.845006,38.018583
1082,23.845006,38.018583
1083,23.845007,38.018583
1084,23.845007,38.018583
1085,23.845007,38.018583
1086,23.845007,38.018583
1087,23.845007,38.018583
1088,23.845007,38.018583
1089,23.845007,38.018583
1090,23.845007,38.018583
1091,23.845007,38.018583
1092,23.845007,38.018583
1093,23.845007,38.018583
1094,23.845007,38.018583
1095,23.845007,38.018583
1096,23.845007,38.018583
1097,23.845007,38.018583
1098,23.845007,38.018583
1099,23.845007,38.018583
1100,23.845007,38.018583
1101,23.845007,38.018583
1102,23.845007,38.018583
1103,23.845007,38.018583
1104,23.845007,38.018583
1105,23.845007,38.018583
1106,23.845007,38.018583
1107,23.845007,38.018584
1108,23.845007,38.018584
1109,23.845007,38.018584
1110,23.845007,38.018584
1111,23.845007,38.018584
1112,23.845007,38.018584
1113,23.845007,38.018584
1114,23.845007,38.018584
1115,23.845007,38.018584
1116,23.845007,38.018584
1117,23.845007,38.018584
1118,23.845007,38.018584
1119,23.845007,38.018584
1120,23.845007,38.018584
1121,23.845007,38.018584
1122,23.845007,38.018584
1123,23.845007,38.018584
1124,23.845007,38.018584
1125,23.845007,38.018584
1126,23.845007,38.018584
1127,23.845007,38.018584
1128,23.845007,38.018584
1129,23.845007,38.018584
1130,23.845007,38.018584
1131,23.845007,38.018584
1132,23.845007,38.018584
1133,23.845007,38.018584
1134,23.845007,38.018584
1135,23.845007,38.018584
1136,23.845007,38.018584
1137,23.845007,38.018584
1138,23.845007,38.018584
1139,23.845007,38.018584
1140,23.845007,38.018584
1141,23.845007,38.018584
1142,23.845007,38.018584
1143,23.845008,38.018585
1144,23.845008,38.018585
1145,23.845008,38.018585
1146,23.845008,38.018585
1147,23.845008,38.018585
1148,23.845008,38.018585
1149,23.845008,38.018585
1150,23.845008,38.018585
1151,23.845008,38.018585
1152,23.845008,38.018585
1153,23.845008,38.018585
1154,23.845008,38.018585
1155,23.845008,38.018585
1156,23.845008,38.018585
1157,23.845008,38.018585
1158,23.845008,38.018585
1159,23.845008,38.018585
1160,23.845008,38.018585
1161,23.845008,38.018585
1162,23.845008,38.018585
1163,23.845008,38.018585
1164,23.845008,38.018585
1165,23.845008,38.018585
1166,23.845008,38.018585
1167,23.845008,38.018585
1168,23.845008,38.018585
1169,23.845008,38.018585
1170,23.845008,38.018585
1171,23.845008,38.018585
1172,23.845008,38.018585
1173,23.845008,38.018585
1174,23.845008,38.018585
1175,23.845008,38.018585
1176,23.845008,38.018585
1177,23.845008,38.018585
1178,23.845008,38.018585
1179,23.845008,38.018586
1180,23.845008,38.018586
1181,23.845008,38.018586
1182,23.845008,38.018586
1183,23.845008,38.018586
1184,23.845008,38.018586
1185,23.845008,38.018586
1186,23.845008,38.018586
1187,23.845008,38.018586
1188,23.845008,38.018586
1189,23.845008,38.018586
1190,23.845008,38.018586
1191,23.845008,38.018586
1192,23.845008,38.018586
1193,23.845008,38.018586
1194,23.845008,38.018586
1195,23.845008,38.018586
1196,23.845008,38.018586
1197,23.845008,38.018586
1198,23.845008,38.018586
1199,23.845008,38.018586
1200,23.845008,38.018586
1201,23.845008,38.018586
1202,23.845008,38.018586
1203,23.845009,38.018586
1204,23.845009,38.018586
1205,23.845009,38.018586
1206,23.845009,38.018586
1207,23.845009,38.018586
1208,23.845009,38.018586
1209,23.845009,38.018586
1210,23.845009,38.018586
1211,23.845009,38.018586
1212,23.845009,38.018586
1213,23.845009,38.018586
1214,23.845009,38.018586
1215,23.845009,38.018587
1216,23.845009,38.018587
1217,23.845009,38.018587
1218,23.845009,38.018587
1219,23.845009,38.018587
1220,23.845009,38.018587
1221,23.845009,38.018587
1222,23.845009,38.018587
1223,23.845009,38.018587
1224,23.845009,38.018587
1225,23.845009,38.018587
1226,23.845009,38.018587
1227,23.845009,38.018587
1228,23.845009,38.018587
1229,23.845009,38.018587
1230,23.845009,38.018587
1231,23.845009,38.018587
1232,23.845009,38.018587
1233,23.845009,38.018587
1234,23.845009,38.018587
1235,23.845009,38.018587
1236,23.845009,38.018587
1237,23.845009,38.018587
1238,23.845009,38.018587
1239,23.845009,38.018587
1240,23.845009,38.018587
1241,23.845009,38.018587
1242,23.845009,38.018587
1243,23.845009,38.018587
1244,23.845009,38.018587
1245,23.845009,38.018587
1246,23.845009,38.018587
1247,23.845009,38.018587
1248,23.845009,38.018587
1249,23.845009,38.018587
1250,23.845009,38.018587
1251,23.845009,38.018588
1252,23.845009,38.018588
1253,23.845009,38.018588
1254,23.845009,38.018588
1255,23.845009,38.018588
1256,23.845009,38.018588
1257,23.845009,38.018588
1258,23.845009,38.018588
1259,23.845009,38.018588
1260,23.845009,38.018588
1261,23.845009,38.018588
1262,23.845009,38.018588
1263,23.84501,38.018588
1264,23.84501,38.018588
1265,23.84501,38.018588
1266,23.84501,38.018588
1267,23.84501,38.018588
1268,23.84501,38.018588
1269,23.84501,38.018588
1270,23.84501,38.018588
1271,23.84501,38.018588
1272,23.84501,38.018588
1273,23.84501,38.018588
1274,23.84501,38.018588
1275,23.84501,38.018588
1276,23.84501,38.018588
1277,23.84501,38.018588
1278,23.84501,38.018588
1279,23.84501,38.018588
1280,23.84501,38.018588
1281,23.84501,38.018588
1282,23.84501,38.018588
1283,23.84501,38.018588
1284,23.84501,38.018588
1285,23.84501,38.018588
1286,23.84501,38.018589
1287,23.84501,38.018589
1288,23.84501,38.018589
1289,23.84501,38.018589
1290,23.84501,38.018589
1291,23.84501,38.018589
1292,23.84501,38.018589
1293,23.84501,38.018589
1294,23.84501,38.018589
1295,23.84501,38.018589
1296,23.84501,38.018589
1297,23.84501,38.018589
1298,23.84501,38.018589
1299,23.84501,38.018589
1300,23.84501,38.018589
1301,23.84501,38.018589
1302,23.84501,38.018589
1303,23.84501,38.018589
1304,23.84501,38.018589
1305,23.84501,38.018589
1306,23.84501,38.018589
1307,23.84501,38.018589
1308,23.84501,38.018589
1309,23.84501,38.018589
1310,23.84501,38.018589
1311,23.84501,38.018589
1312,23.84501,38.018589
1313,23.84501,38.018589
1314,23.84501,38.018589
1315,23.84501,38.018589
1316,23.84501,38.018589
1317,23.84501,38.018589
1318,23.84501,38.018589
1319,23.84501,38.018589
1320,23.84501,38.018589
1321,23.84501,38.018589
1322,23.845011,38.01859
1323,23.845011,38.01859
1324,23.845011,38.01859
1325,23.845011,38.01859
1326,23.845011,38.01859
1327,23.845011,38.01859
1328,23.845011,38.01859
1329,23.845011,38.01859
1330,23.845011,38.01859
1331,23.845011,38.01859
1332,23.845011,38.01859
1333,23.845011,38.01859
1334,23.845011,38.01859
1335,23.845011,38.01859
1336,23.845011,38.01859
1337,23.845011,38.01859
1338,23.845011,38.01859
1339,23.845011,38.01859
1340,23.845011,38.01859
1341,23.845011,38.01859
1342,23.845011,38.01859
1343,23.845011,38.01859
1344,23.845011,38.01859
1345,23.845011,38.01859
1346,23.845011,38.01859
1347,23.845011,38.01859
1348,23.845011,38.01859
1349,23.845011,38.01859
1350,23.845011,38.01859
1351,23.845011,38.01859
1352,23.845011,38.01859
1353,23.845011,38.01859
1354,23.845011,38.01859
1355,23.845011,38.01859
1356,23.845011,38.01859
1357,23.845011,38.01859
1358,23.845011,38.018591
1359,23.845011,38.018591
1360,23.845011,38.018591
1361,23.845011,38.018591
1362,23.845011,38.018591
1363,23.845011,38.018591
1364,23.845011,38.018591
1365,23.845011,38.018591
1366,23.845011,38.018591
1367,23.845011,38.018591
1368,23.845011,38.018591
1369,23.845011,38.018591
1370,23.845011,38.018591
1371,23.845011,38.018591
1372,23.845011,38.018591
1373,23.845011,38.018591
1374,23.845011,38.018591
1375,23.845011,38.018591
1376,23.845011,38.018591
1377,23.845011,38.018591
1378,23.845011,38.018591
1379,23.845011,38.018591
1380,23.845011,38.018591
1381,23.845011,38.018591
1382,23.845012,38.018591
1383,23.845012,38.018591
1384,23.845012,38.018591
1385,23.845012,38.018591
1386,23.845012,38.018591
1387,23.845012,38.018591
1388,23.845012,38.018591
1389,23.845012,38.018591
1390,23.845012,38.018591
1391,23.845012,38.018591
1392,23.845012,38.018591
1393,23.845012,38.018591
1394,23.845012,38.018592
1395,23.845012,38.018592
1396,23.845012,38.018592
1397,23.845012,38.018592
1398,23.845012,38.018592
1399,23.845012,38.018592
1400,23.845012,38.018592
1401,23.845012,38.018592
1402,23.845012,38.018592
1403,23.845012,38.018592
1404,23.845012,38.018592
1405,23.845012,38.018592
1406,23.845012,38.018592
1407,23.845012,38.018592
1408,23.845012,38.018592
1409,23.845012,38.018592
1410,23.845012,38.018592
1411,23.845012,38.018592
1412,23.845012,38.018592
1413,23.845012,38.018592
1414,23.845012,38.018592
1415,23.845012,38.018592
1416,23.845012,38.018592
1417,23.845012,38.018592
1418,23.845012,38.018592
1419,23.845012,38.018592
1420,23.845012,38.018592
1421,23.845012,38.018592
1422,23.845012,38.018592
1423,23.845012,38.018592
1424,23.845012,38.018592
1425,23.845012,38.018592
1426,23.845012,38.018592
1427,23.845012,38.018592
1428,23.845012,38.018592
1429,23.845012,38.018592
1430,23.845012,38.018593
1431,23.845012,38.018593
1432,23.845012,38.018593
1433,23.845012,38.018593
1434,23.845012,38.018593
1435,23.845012,38.018593
1436,23.845012,38.018593
1437,23.845012,38.018593
1438,23.845012,38.018593
1439,23.845012,38.018593
1440,23.845012,38.018593
1441,23.845012,38.018593
1442,23.845013,38.018593
1443,23.845013,38.018593
1444,23.845013,38.018593
1445,23.845013,38.018593
1446,23.845013,38.018593
1447,23.845013,38.018593
1448,23.845013,38.018593
1449,23.845013,38.018593
1450,23.845013,38.018593
1451,23.845013,38.018593
1452,23.845013,38.018593
1453,23.845013,38.018593
1454,23.845013,38.018593
1455,23.845013,38.018593
1456,23.845013,38.018593
1457,23.845013,38.018593
1458,23.845013,38.018593
1459,23.845013,38.018593
1460,23.845013,38.018593
1461,23.845013,38.018593
1462,23.845013,38.018593
1463,23.845013,38.018593
1464,23.845013,38.018593
1465,23.845013,38.018593
1466,23.845013,38.018594
1467,23.845013,38.018594
1468,23.845013,38.018594
1469,23.845013,38.018594
1470,23.845013,38.018594
1471,23.845013,38.018594
1472,23.845013,38.018594
1473,23.845013,38.018594
1474,23.845013,38.018594
1475,23.845013,38.018594
1476,23.845013,38.018594
1477,23.845013,38.018594
1478,23.845013,38.018594
1479,23.845013,38.018594
1480,23.845013,38.018594
1481,23.845013,38.018594
1482,23.845013,38.018594
1483,23.845013,38.018594
1484,23.845013,38.018594
1485,23.845013,38.018594
1486,23.845013,38.018594
1487,23.845013,38.018594
1488,23.845013,38.018594
1489,23.845013,38.018594
1490,23.845013,38.018594
1491,23.845013,38.018594
1492,23.845013,38.018594
1493,23.845013,38.018594
1494,23.845013,38.018594
1495,23.845013,38.018594
1496,23.845013,38.018594
1497,23.845013,38.018594
1498,23.845013,38.018594
1499,23.845013,38.018594
1500,23.845013,38.018594
1501,23.845013,38.018594
1502,23.845014,38.018595
1503,23.845014,38.018595
1504,23.845014,38.018595
1505,23.845014,38.018595
1506,23.845014,38.018595
1507,23.845014,38.018595
1508,23.845014,38.018595
1509,23.845014,38.018595
1510,23.845014,38.018595
1511,23.845014,38.018595
1512,23.845014,38.018595
1513,23.845014,38.018595
1514,23.845014,38.018595
1515,23.845014,38.018595
1516,23.845014,38.018595
1517,23.845014,38.018595
1518,23.845014,38.018595
1519,23.845014,38.018595
1520,23.845014,38.018595
1521,23.845014,38.018595
1522,23.845014,38.018595
1523,23.845014,38.018595
1524,23.845014,38.018595
1525,23.845014,38.018595
1526,23.845014,38.018595
1527,23.845014,38.018595
1528,23.845014,38.018595
1529,23.845014,38.018595
1530,23.845014,38.018595
1531,23.845014,38.018595
1532,23.845014,38.018595
1533,23.845014,38.018595
1534,23.845014,38.018595
1535,23.845014,38.018595
1536,23.845014,38.018595
1537,23.845014,38.018595
1538,23.845014,38.018596
1539,23.845014,38.018596
1540,23.845014,38.018596
1541,23.845014,38.018596
1542,23.845014,38.018596
1543,23.845014,38.018596
1544,23.845014,38.018596
1545,23.845014,38.018596
1546,23.845014,38.018596
1547,23.845014,38.018596
1548,23.845014,38.018596
1549,23.845014,38.018596
1550,23.845014,38.018596
1551,23.845014,38.018596
1552,23.845014,38.018596
1553,23.845014,38.018596
1554,23.845014,38.018596
1555,23.845014,38.018596
1556,23.845014,38.018596
1557,23.845014,38.018596
1558,23.845014,38.018596
1559,23.845014,38.018596
1560,23.845014,38.018596
1561,23.845014,38.018596
1562,23.845015,38.018596
1563,23.845015,38.018596
1564,23.845015,38.018596
1565,23.845015,38.018596
1566,23.845015,38.018596
1567,23.845015,38.018596
1568,23.845015,38.018596
1569,23.845015,38.018596
1570,23.845015,38.018596
1571,23.845015,38.018596
1572,23.845015,38.018596
1573,23.845015,38.018596
1574,23.845015,38.018597
1575,23.845015,38.018597
1576,23.845015,38.018597
1577,23.845015,38.018597
1578,23.845015,38.018597
1579,23.845015,38.018597
1580,23.845015,38.018597
1581,23.845015,38.018597
1582,23.845015,38.018597
1583,23.845015,38.018597
1584,23.845015,38.018597
1585,23.845015,38.018597
1586,23.845015,38.018597
1587,23.845015,38.018597
1588,23.845015,38.018597
1589,23.845015,38.018597
1590,23.845015,38.018597
1591,23.845015,38.018597
1592,23.845015,38.018597
1593,23.845015,38.018597
1594,23.845015,38.018597
1595,23.845015,38.018597
1596,23.845015,38.018597
1597,23.845015,38.018597
1598,23.845015,38.018597
1599,23.845015,38.018597
1600,23.845015,38.018597
1601,23.845015,38.018597
1602,23.845015,38.018597
1603,23.845015,38.018597
1604,23.845015,38.018597
1605,23.845015,38.018597
1606,23.845015,38.018597
1607,23.845015,38.018597
1608,23.845015,38.018597
1609,23.845015,38.018597
1610,23.845015,38.018598
1611,23.845015,38.018598
1612,23.845015,38.018598
1613,23.845015,38.018598
1614,23.845015,38.018598
1615,23.845015,38.018598
1616,23.845015,38.018598
1617,23.845015,38.018598
1618,23.845015,38.018598
1619,23.845015,38.018598
1620,23.845015,38.018598
1621,23.845015,38.018598
1622,23.845016,38.018598
1623,23.845016,38.018598
1624,23.845016,38.018598
1625,23.845016,38.018598
1626,23.845016,38.018598
1627,23.845016,38.018598
1628,23.845016,38.018598
1629,23.845016,38.018598
1630,23.845016,38.018598
1631,23.845016,38.018598
1632,23.845016,38.018598
1633,23.845016,38.018598
1634,23.845016,38.018598
1635,23.845016,38.018598
1636,23.845016,38.018598
1637,23.845016,38.018598
1638,23.845016,38.018598
1639,23.845016,38.018598
1640,23.845016,38.018598
1641,23.845016,38.018598
1642,23.845016,38.018598
1643,23.845016,38.018598
1644,23.845016,38.018598
1645,23.845016,38.018598
1646,23.845016,38.018599
1647,23.845016,38.018599
1648,23.845016,38.018599
1649,23.845016,38.018599
1650,23.845016,38.018599
1651,23.845016,38.018599
1652,23.845016,38.018599
1653,23.845016,38.018599
1654,23.845016,38.018599
1655,23.845016,38.018599
1656,23.845016,38.018599
1657,23.845016,38.018599
1658,23.845016,38.018599
1659,23.845016,38.018599
1660,23.845016,38.018599
1661,23.845016,38.018599
1662,23.845016,38.018599
1663,23.845016,38.018599
1664,23.845016,38.018599
1665,23.845016,38.018599
1666,23.845016,38.018599
1667,23.845016,38.018599
1668,23.845016,38.018599
1669,23.845016,38.018599
1670,23.845016,38.018599
1671,23.845016,38.018599
1672,23.845016,38.018599
1673,23.845016,38.018599
1674,23.845016,38.018599
1675,23.845016,38.018599
1676,23.845016,38.018599
1677,23.845016,38.018599
1678,23.845016,38.018599
1679,23.845016,38.018599
1680,23.845016,38.018599
1681,23.845017,38.0186
1682,23.845017,38.0186
1683,23.845017,38.0186
1684,23.845017,38.0186
1685,23.845017,38.0186
1686,23.845017,38.0186
1687,23.845017,38.0186
1688,23.845017,38.0186
1689,23.845017,38.0186
1690,23.845017,38.0186
1691,23.845017,38.0186
1692,23.845017,38.0186
1693,23.845017,38.0186
1694,23.845017,38.0186
1695,23.845017,38.0186
1696,23.845017,38.0186
1697,23.845017,38.0186
1698,23.845017,38.0186
1699,23.845017,38.0186
1700,23.845017,38.0186
1701,23.845017,38.0186
1702,23.845017,38.0186
1703,23.845017,38.0186
1704,23.845017,38.0186
1705,23.845017,38.0186
1706,23.845017,38.0186
1707,23.845017,38.0186
1708,23.845017,38.0186
1709,23.845017,38.0186
1710,23.845017,38.0186
1711,23.845017,38.0186
1712,23.845017,38.0186
1713,23.845017,38.0186
1714,23.845017,38.0186
1715,23.845017,38.0186
1716,23.845017,38.0186
1717,23.845017,38.018601
1718,23.845017,38.018601
1719,23.845017,38.018601
1720,23.845017,38.018601
1721,23.845017,38.018601
1722,23.845017,38.018601
1723,23.845017,38.018601
1724,23.845017,38.018601
1725,23.845017,38.018601
1726,23.845017,38.018601
1727,23.845017,38.018601
1728,23.845017,38.018601
1729,23.845017,38.018601
1730,23.845017,38.018601
1731,23.845017,38.018601
1732,23.845017,38.018601
1733,23.845017,38.018601
1734,23.845017,38.018601
1735,23.845017,38.018601
1736,23.845017,38.018601
1737,23.845017,38.018601
1738,23.845017,38.018601
1739,23.845017,38.018601
1740,23.845017,38.018601
1741,23.845018,38.018601
1742,23.845018,38.018601
1743,23.845018,38.018601
1744,23.845018,38.018601
1745,23.845018,38.018601
1746,23.845018,38.018601
1747,23.845018,38.018601
1748,23.845018,38.018601
1749,23.845018,38.018601
1750,23.845018,38.018601
1751,23.845018,38.018601
1752,23.845018,38.018601
1753,23.845018,38.018602
1754,23.845018,38.018602
1755,23.845018,38.018602
1756,23.845018,38.018602
1757,23.845018,38.018602
1758,23.845018,38.018602
1759,23.845018,38.018602
1760,23.845018,38.018602
1761,23.845018,38.018602
1762,23.845018,38.018602
1763,23.845018,38.018602
1764,23.845018,38.018602
1765,23.845018,38.018602
1766,23.845018,38.018602
1767,23.845018,38.018602
1768,23.845018,38.018602
1769,23.845018,38.018602
1770,23.845018,38.018602
1771,23.845018,38.018602
1772,23.845018,38.018602
1773,23.845018,38.018602
1774,23.845018,38.018602
1775,23.845018,38.018602
1776,23.845018,38.018602
1777,23.845018,38.018602
1778,23.845018,38.018602
1779,23.845018,38.018602
1780,23.845018,38.018602
1781,23.845018,38.018602
1782,23.845018,38.018602
1783,23.845018,38.018602
1784,23.845018,38.018602
1785,23.845018,38.018602
1786,23.845018,38.018602
1787,23.845018,38.018602
1788,23.845018,38.018602
1789,23.845018,38.018603
1790,23.845018,38.018603
1791,23.845018,38.018603
1792,23.845018,38.018603
1793,23.845018,38.018603
1794,23.845018,38.018603
1795,23.845018,38.018603
1796,23.845018,38.018603
1797,23.845018,38.018603
1798,23.845018,38.018603
1799,23.845018,38.018603
1800,23.845018,38.018603
1801,23.845019,38.018603
1802,23.845019,38.018603
1803,23.845019,38.018603
1804,23.845019,38.018603
1805,23.845019,38.018603
1806,23.845019,38.018603
1807,23.845019,38.018603
1808,23.845019,38.018603
1809,23.845019,38.018603
1810,23.845019,38.018603
1811,23.845019,38.018603
1812,23.845019,38.018603
1813,23.845019,38.018603
1814,23.845019,38.018603
1815,23.845019,38.018603
1816,23.845019,38.018603
1817,23.845019,38.018603
1818,23.845019,38.018603
1819,23.845019,38.018603
1820,23.845019,38.018603
1821,23.845019,38.018603
1822,23.845019,38.018603
1823,23.845019,38.018603
1824,23.845019,38.018603
1825,23.845019,38.018604
1826,23.845019,38.018604
1827,23.845019,38.018604
1828,23.845019,38.018604
1829,23.845019,38.018604
1830,23.845019,38.018604
1831,23.845019,38.018604
1832,23.845019,38.018604
1833,23.845019,38.018604
1834,23.845019,38.018604
1835,23.845019,38.018604
1836,23.845019,38.018604
1837,23.845019,38.018604
1838,23.845019,38.018604
1839,23.845019,38.018604
1840,23.845019,38.018604
1841,23.845019,38.018604
1842,23.845019,38.018604
1843,23.845019,38.018604
1844,23.845019,38.018604
1845,23.845019,38.018604
1846,23.845019,38.018604
1847,23.845019,38.018604
1848,23.845019,38.018604
1849,23.845019,38.018604
1850,23.845019,38.018604
1851,23.845019,38.018604
1852,23.845019,38.018604
1853,23.845019,38.018604
1854,23.845019,38.018604
1855,23.845019,38.018604
1856,23.845019,38.018604
1857,23.845019,38.018604
1858,23.845019,38.018604
1859,23.845019,38.018604
1860,23.845019,38.018604
1861,23.84502,38.018605
1862,23.84502,38.018605
1863,23.84502,38.018605
1864,23.84502,38.018605
1865,23.84502,38.018605
1866,23.84502,38.018605
1867,23.84502,38.018605
1868,23.84502,38.018605
1869,23.84502,38.018605
1870,23.84502,38.018605
1871,23.84502,38.018605
1872,23.84502,38.018605
1873,23.84502,38.018605
1874,23.84502,38.018605
1875,23.84502,38.018605
1876,23.84502,38.018605
1877,23.84502,38.018605
1878,23.84502,38.018605
1879,23.84502,38.018605
1880,23.84502,38.018605
1881,23.84502,38.018605
1882,23.84502,38.018605
1883,23.84502,38.018605
1884,23.84502,38.018605
1885,23.84502,38.018605
1886,23.84502,38.018605
1887,23.84502,38.018605
1888,23.84502,38.018605
1889,23.84502,38.018605
1890,23.84502,38.018605
1891,23.84502,38.018605
1892,23.84502,38.018605
1893,23.84502,38.018605
1894,23.84502,38.018605
1895,23.84502,38.018605
1896,23.84502,38.018605
1897,23.84502,38.018606
1898,23.84502,38.018606
1899,23.84502,38.018606
1900,23.84502,38.018606
1901,23.84502,38.018606
1902,23.84502,38.018606
1903,23.84502,38.018606
1904,23.84502,38.018606
1905,23.84502,38.018606
1906,23.84502,38.018606
1907,23.84502,38.018606
1908,23.84502,38.018606
1909,23.84502,38.018606
1910,23.84502,38.018606
1911,23.84502,38.018606
1912,23.84502,38.018606
1913,23.84502,38.018606
1914,23.84502,38.018606
1915,23.84502,38.018606
1916,23.84502,38.018606
1917,23.84502,38.018606
1918,23.84502,38.018606
1919,23.84502,38.018606
1920,23.84502,38.018606
1921,23.845021,38.018606
1922,23.845021,38.018606
1923,23.845021,38.018606
1924,23.845021,38.018606
1925,23.845021,38.018606
1926,23.845021,38.018606
1927,23.845021,38.018606
1928,23.845021,38.018606
1929,23.845021,38.018606
1930,23.845021,38.018606
1931,23.845021,38.018606
1932,23.845021,38.018606
1933,23.845021,38.018607
1934,23.845021,38.018607
1935,23.845021,38.018607
1936,23.845021,38.018607
1937,23.845021,38.018607
1938,23.845021,38.018607
1939,23.845021,38.018607
1940,23.845021,38.018607
1941,23.845021,38.018607
1942,23.845021,38.018607
1943,23.845021,38.018607
1944,23.845021,38.018607
1945,23.845021,38.018607
1946,23.845021,38.018607
1947,23.845021,38.018607
1948,23.845021,38.018607
1949,23.845021,38.018607
1950,23.845021,38.018607
1951,23.845065,38.018609
1952,23.845123,38.018611
